300 25 1
0 35993 0 0 1 3
1 59097 0 0 2 2
2 39528 0 1 2 4
3 8837 0 0 2 2
4 61272 0 0 2 4
5 82077 0 0 2 3
6 54668 0 0 2 5
7 82782 0 0 2 2
8 86299 0 0 2 3
9 74269 0 0 2 3
10 74434 0 0 2 3
11 16530 0 0 2 3
12 2520 0 0 3 3
13 85693 0 0 3 2
14 65225 0 0 3 4
15 23156 0 0 3 2
16 27330 0 0 3 3
17 25968 0 0 3 3
18 44216 0 0 3 3
19 13696 0 0 3 5
20 61015 0 0 3 5
21 51373 0 0 3 2
22 6649 0 0 4 5
23 66986 0 0 4 5
24 25805 0 0 4 3
25 34552 0 0 4 5
26 27665 0 0 4 4
27 54210 0 0 4 3
28 37211 0 0 4 5
29 68775 0 0 4 3
30 79487 0 0 4 5
31 52846 0 0 4 5
32 19670 0 0 4 4
33 82976 0 0 4 5
34 80848 0 0 4 4
35 95346 0 0 4 3
36 59598 0 0 4 3
37 8657 0 0 4 4
38 75545 0 0 4 3
39 51547 0 0 4 2
40 89345 0 0 4 3
41 42965 1 0 4 2
42 66867 0 0 4 2
43 72904 0 0 4 3
44 19232 0 0 4 4
45 25406 0 0 5 3
46 59819 0 0 5 2
47 20341 0 0 5 3
48 91671 1 0 5 2
49 79078 0 0 5 5
50 5106 0 0 5 4
51 66042 0 0 5 3
52 888 0 0 5 2
53 80196 0 0 5 4
54 34121 0 0 5 5
55 53429 0 0 5 5
56 45226 0 0 5 5
57 65037 0 0 5 3
58 37114 0 0 6 4
59 51873 0 0 6 5
60 17175 0 0 6 2
61 89970 0 0 6 5
62 95669 0 0 6 5
63 18642 0 1 6 5
64 39431 0 0 6 4
65 95102 0 0 6 5
66 46495 0 0 6 4
67 88886 0 0 6 3
68 45308 0 0 6 5
69 71162 0 0 6 3
70 53987 0 1 7 4
71 10575 0 0 7 2
72 49953 0 0 7 4
73 60137 0 0 7 3
74 98859 0 0 7 4
75 34677 0 0 7 4
76 65739 0 0 7 4
77 79263 0 0 7 2
78 30757 0 0 7 4
79 71454 0 0 7 5
80 72286 0 0 7 3
81 68294 0 0 7 5
82 49604 0 0 7 4
83 70702 0 0 7 2
84 53452 0 0 8 5
85 29826 0 0 8 4
86 15564 0 0 8 3
87 797 0 0 8 3
88 56361 0 0 8 4
89 49906 0 0 8 3
90 35204 1 0 8 5
91 40248 0 0 8 5
92 77544 0 0 8 3
93 75923 0 0 8 2
94 68559 0 0 8 2
95 14304 0 0 9 3
96 3748 0 1 9 5
97 65562 0 1 9 2
98 80984 0 0 9 4
99 56612 0 0 10 4
100 75662 0 1 10 2
101 71581 0 0 10 3
102 1859 0 0 10 4
103 13180 0 0 10 5
104 81915 0 0 10 3
105 98300 0 0 10 3
106 78444 0 0 10 5
107 87639 0 0 10 4
108 64972 0 0 10 2
109 90008 0 0 10 3
110 86883 0 0 10 3
111 84780 0 1 10 4
112 40104 0 0 10 3
113 56201 0 0 10 3
114 63802 0 0 10 3
115 86256 0 0 10 2
116 90248 0 0 11 2
117 21811 0 0 11 3
118 2912 0 1 11 5
119 45235 0 0 11 5
120 36567 0 0 11 5
121 34737 0 0 11 5
122 15543 0 0 11 5
123 77537 0 0 11 4
124 56713 0 0 12 3
125 17032 0 0 12 5
126 70038 0 1 12 5
127 11498 0 0 12 3
128 36724 0 0 12 3
129 11897 0 0 12 3
130 22948 0 0 12 4
131 21373 0 0 12 4
132 70103 0 0 12 3
133 40454 0 0 12 4
134 75956 0 1 12 2
135 14397 0 0 12 4
136 88576 0 0 12 5
137 75845 0 0 13 2
138 87868 0 0 13 2
139 94302 0 0 13 4
140 61434 0 0 13 4
141 64519 0 0 13 4
142 6455 0 0 13 3
143 89082 0 0 13 2
144 2423 0 0 13 3
145 3288 0 0 13 2
146 56692 0 0 13 2
147 90474 0 0 13 4
148 70370 0 0 14 5
149 56222 0 0 14 3
150 27554 0 0 14 2
151 1395 0 0 14 5
152 8014 0 0 14 3
153 54037 0 0 14 5
154 72958 0 0 14 3
155 22355 0 1 14 2
156 80376 0 0 14 3
157 28493 0 0 14 3
158 68225 0 0 14 5
159 41489 0 0 14 3
160 69742 0 1 15 4
161 81322 0 0 15 2
162 76627 0 0 15 3
163 88725 0 0 16 3
164 92101 0 0 16 3
165 48847 0 0 16 5
166 71539 0 0 16 5
167 43176 0 0 17 4
168 93871 1 0 17 5
169 13644 0 0 17 4
170 84118 0 0 17 4
171 58782 0 0 17 2
172 93534 0 0 17 5
173 54083 0 0 17 4
174 97346 0 0 18 2
175 95617 0 0 18 3
176 59558 0 0 18 5
177 38517 0 0 18 2
178 43357 0 0 18 5
179 93692 0 0 19 3
180 48813 0 0 19 2
181 84441 0 0 19 3
182 92587 0 0 19 5
183 50357 0 0 19 5
184 39068 0 0 19 3
185 46306 0 0 19 4
186 72498 0 0 19 4
187 85015 0 0 19 2
188 85803 0 0 20 2
189 89869 0 0 20 2
190 48735 0 0 20 4
191 253 0 0 20 4
192 68665 1 0 20 4
193 3209 0 0 20 2
194 10338 0 0 21 4
195 55114 0 0 21 4
196 62739 0 0 21 3
197 51589 0 0 21 3
198 97438 0 0 21 2
199 53140 0 0 21 2
200 43722 0 0 21 5
201 28075 0 0 21 5
202 8282 0 0 22 3
203 67904 0 0 22 4
204 95522 0 0 22 5
205 41672 0 1 22 3
206 59214 0 1 22 5
207 24013 0 0 22 5
208 85821 0 0 22 4
209 19063 0 0 22 5
210 97831 0 0 23 3
211 16165 0 0 23 2
212 2852 0 0 23 4
213 67128 0 0 23 4
214 55568 1 0 23 3
215 32232 0 0 23 3
216 8995 1 0 24 3
217 84771 0 0 24 3
218 74322 0 0 24 5
219 11322 0 0 24 5
220 2119 0 0 24 3
221 76767 0 0 24 2
222 71515 0 1 24 2
223 53095 0 0 25 5
224 44638 0 0 25 4
225 83765 0 0 25 5
226 12113 0 0 25 5
227 37087 0 0 25 2
228 34059 0 0 26 3
229 45799 0 0 27 3
230 56908 0 0 27 3
231 12327 0 0 27 5
232 32629 0 0 28 4
233 35507 0 0 28 5
234 27308 0 0 28 5
235 240 0 0 29 4
236 99307 0 0 29 3
237 52098 0 0 29 2
238 31138 0 0 29 3
239 6298 0 0 29 2
240 99880 0 0 29 2
241 10881 0 0 30 3
242 13167 0 0 30 5
243 15365 0 0 30 3
244 67566 0 0 31 2
245 62389 0 0 31 2
246 73508 0 0 31 3
247 66523 0 0 32 3
248 97410 0 0 32 2
249 73822 0 0 32 4
250 15251 0 0 33 5
251 62637 0 0 33 5
252 85558 0 0 33 2
253 73389 0 0 34 5
254 65073 0 0 34 5
255 84376 1 0 34 3
256 69315 0 0 35 2
257 13840 0 0 35 5
258 48679 0 0 35 2
259 47007 0 0 35 3
260 82736 0 0 35 5
261 24122 0 0 36 5
262 87614 0 0 36 4
263 26650 0 0 37 2
264 66570 0 0 38 4
265 11107 0 0 39 4
266 13743 0 0 40 2
267 15622 0 0 40 4
268 14186 0 0 41 2
269 96385 0 0 41 3
270 94338 0 0 41 3
271 26778 0 0 42 2
272 50570 0 0 43 3
273 9660 0 0 44 3
274 52724 1 0 44 3
275 36883 0 0 44 3
276 98146 0 0 44 2
277 17762 0 0 44 2
278 70 0 0 45 4
279 70524 0 0 46 4
280 81272 0 0 47 2
281 78628 0 0 47 2
282 17039 0 0 47 4
283 42416 0 0 49 2
284 32664 1 0 50 4
285 95686 0 0 52 3
286 76007 0 0 53 4
287 78208 0 0 54 2
288 59958 0 0 54 4
289 96159 0 0 55 3
290 80290 0 0 55 4
291 50159 0 0 59 3
292 15458 1 0 63 5
293 8988 0 0 63 4
294 97353 0 0 66 4
295 12083 0 0 66 4
296 25113 0 0 76 3
297 80115 0 0 81 4
298 25510 0 0 81 2
299 70158 0 0 150 3
