300 15 1
0 25703 0 0 1 2
1 40406 0 0 1 5
2 55223 0 0 2 5
3 11881 0 0 2 2
4 74265 0 0 3 9
5 86850 0 0 3 11
6 3618 0 0 5 11
7 61522 0 0 6 10
8 61180 0 0 6 8
9 62348 0 0 6 7
10 80910 0 0 7 10
11 25327 1 0 8 7
12 33493 0 0 8 10
13 4547 0 0 8 9
14 54703 0 0 9 6
15 36917 1 0 9 2
16 39979 0 1 10 4
17 75893 0 0 10 9
18 72142 0 0 10 6
19 34056 0 0 11 3
20 39567 1 0 11 7
21 71458 0 0 12 2
22 57758 0 0 13 6
23 38001 0 0 13 7
24 67897 0 0 14 9
25 36696 0 0 14 3
26 12249 0 0 15 3
27 30470 0 0 15 4
28 59282 0 0 15 8
29 72879 0 0 16 4
30 37228 0 0 17 11
31 71078 0 0 18 10
32 44815 0 0 18 10
33 40691 0 0 19 7
34 24187 0 0 19 6
35 753 0 0 20 4
36 72980 0 0 20 6
37 66284 0 0 20 4
38 37625 0 0 20 2
39 65911 0 0 20 6
40 23193 0 0 20 9
41 83835 0 1 21 10
42 92332 0 0 21 3
43 5287 0 0 22 7
44 69861 0 0 22 8
45 48405 0 0 23 7
46 66471 0 0 24 6
47 26226 0 0 24 4
48 33372 0 0 25 11
49 7331 0 0 26 3
50 41589 0 0 27 11
51 49149 0 0 28 8
52 82670 0 0 30 6
53 41279 0 0 30 10
54 94955 0 0 31 5
55 7154 0 0 32 4
56 17062 0 0 33 4
57 30205 0 0 34 6
58 68804 0 0 34 10
59 41612 0 0 34 11
60 67283 0 0 34 9
61 97163 0 0 34 3
62 7720 0 0 34 8
63 25398 0 0 35 9
64 71644 0 0 35 10
65 97897 0 0 35 5
66 78402 0 1 35 11
67 88393 0 0 36 7
68 52544 0 0 36 5
69 39783 0 0 37 7
70 64808 0 0 37 2
71 4301 0 0 37 11
72 39291 0 0 37 11
73 28559 0 0 38 11
74 13051 0 0 39 6
75 36634 0 0 39 2
76 24510 0 0 40 3
77 40786 0 0 40 5
78 95836 0 0 40 9
79 99964 0 0 42 10
80 41367 0 0 42 3
81 24303 0 0 43 3
82 89074 0 1 43 5
83 59432 0 0 44 5
84 94261 0 0 45 8
85 13321 0 0 45 9
86 82539 0 0 46 6
87 85664 0 0 47 6
88 62092 0 0 49 10
89 49996 0 0 49 3
90 63174 0 0 50 5
91 44732 0 0 52 11
92 75899 0 0 52 6
93 14924 0 0 52 5
94 15851 0 1 52 2
95 22054 0 0 52 3
96 21105 0 0 53 2
97 60113 0 0 53 4
98 24450 0 0 53 9
99 47998 0 0 53 4
100 88388 0 0 54 11
101 59147 0 0 54 6
102 3297 0 0 55 5
103 84171 0 0 55 5
104 30092 0 0 55 8
105 51211 0 0 55 11
106 88232 0 0 56 5
107 39571 0 0 56 2
108 30600 0 0 57 8
109 7168 0 0 57 5
110 21634 0 0 57 4
111 31742 0 0 57 7
112 64606 0 0 57 6
113 63686 0 0 59 11
114 7070 0 1 59 5
115 48681 0 0 59 3
116 25978 0 0 60 6
117 65394 0 1 61 10
118 96970 0 0 61 10
119 91147 0 0 61 4
120 63736 0 0 62 11
121 64880 0 0 62 2
122 96672 0 0 62 6
123 39553 0 0 63 7
124 31579 0 0 64 11
125 5790 0 0 64 2
126 73415 0 0 64 5
127 65392 0 0 65 4
128 31763 0 0 65 6
129 72920 0 0 65 11
130 87363 0 0 65 9
131 26228 0 0 66 2
132 57395 0 0 66 5
133 70975 0 0 67 10
134 5866 1 0 68 2
135 40126 0 0 68 10
136 35156 0 0 69 4
137 83747 0 0 70 7
138 9440 0 0 71 8
139 76774 0 0 72 8
140 87792 0 0 73 4
141 15835 0 1 74 2
142 55695 0 0 74 4
143 63014 0 0 74 7
144 1378 0 0 74 9
145 2386 0 0 75 6
146 66122 0 0 77 3
147 61448 0 0 77 5
148 56044 0 0 78 3
149 79552 0 0 79 4
150 9481 0 0 80 2
151 89723 0 0 81 7
152 90571 0 0 81 11
153 50320 0 1 82 7
154 76183 0 0 82 10
155 97295 0 1 82 5
156 41312 0 0 82 3
157 3882 0 0 84 3
158 16613 0 0 85 7
159 84179 0 0 85 8
160 70424 0 0 85 8
161 36159 0 0 86 2
162 60130 0 0 86 11
163 76817 0 0 86 7
164 16965 0 0 86 10
165 47245 0 0 86 10
166 5230 0 0 87 3
167 58645 0 0 87 8
168 50660 1 0 88 3
169 41930 0 0 88 10
170 58053 0 0 89 6
171 87490 1 0 89 4
172 44665 0 0 91 8
173 94629 0 1 91 2
174 85662 0 0 92 11
175 48191 0 0 93 5
176 39280 0 0 93 4
177 87614 0 0 95 5
178 38138 0 0 95 11
179 43048 0 1 95 5
180 47850 0 0 95 10
181 30319 0 0 97 10
182 26000 1 0 97 6
183 79150 0 0 100 11
184 71543 0 0 100 8
185 25262 0 0 100 6
186 98825 0 0 100 3
187 46082 0 0 101 8
188 96257 0 0 101 7
189 29506 0 0 101 5
190 75669 0 0 102 5
191 78143 0 0 102 10
192 83707 0 0 102 5
193 16339 0 0 103 6
194 48686 0 0 103 11
195 32173 0 1 104 7
196 52565 0 0 104 4
197 91682 0 0 104 4
198 14686 0 1 105 2
199 35568 0 0 105 9
200 22655 0 0 105 7
201 9161 0 0 107 5
202 702 0 0 107 11
203 82902 0 0 108 9
204 98194 0 0 108 8
205 51173 0 0 108 6
206 99896 0 0 109 2
207 31092 0 0 109 7
208 21309 0 0 109 9
209 17940 0 0 109 2
210 42591 0 0 111 4
211 91323 0 0 112 8
212 79357 0 0 113 2
213 21291 1 0 113 5
214 51903 0 0 115 4
215 19193 0 0 115 7
216 59137 0 0 115 7
217 10232 0 0 115 2
218 70890 0 0 115 9
219 70812 0 0 116 6
220 13259 0 0 116 10
221 77006 0 0 117 10
222 34962 0 0 118 11
223 85865 0 0 119 10
224 78005 0 0 119 7
225 21784 0 0 120 9
226 56158 0 0 120 5
227 20423 0 0 120 9
228 97060 0 0 120 7
229 32339 0 0 120 11
230 62301 0 0 120 3
231 86391 0 0 120 4
232 35488 0 0 120 4
233 46199 0 0 121 9
234 89383 0 0 121 4
235 89389 0 0 122 8
236 93005 0 0 123 6
237 10770 0 0 123 11
238 15159 0 0 123 6
239 74598 0 0 123 10
240 77044 0 0 124 4
241 49483 0 0 125 2
242 4991 0 0 125 7
243 19272 0 0 126 4
244 95600 1 0 127 6
245 21768 0 1 127 7
246 13663 0 0 127 9
247 97112 0 0 128 7
248 18016 0 0 128 2
249 80898 0 1 129 3
250 2673 0 0 129 2
251 83025 0 0 129 7
252 99920 0 0 129 9
253 4515 0 0 129 4
254 60611 0 0 130 3
255 65006 0 0 131 3
256 29709 0 0 131 6
257 36849 0 0 132 6
258 68189 0 0 133 8
259 6682 0 0 133 2
260 409 0 0 133 3
261 73940 0 0 134 6
262 12802 0 0 135 3
263 60923 0 0 135 9
264 49502 0 0 135 10
265 71205 1 0 135 2
266 53168 0 0 136 9
267 91661 0 0 136 11
268 89261 0 0 137 11
269 27007 0 0 137 3
270 53483 1 0 137 2
271 74237 0 0 137 4
272 44772 0 0 137 9
273 83301 0 0 139 3
274 68137 0 0 140 4
275 85169 0 0 140 2
276 1355 0 0 141 8
277 33366 0 0 141 8
278 64746 0 0 141 7
279 13618 1 0 141 9
280 48993 0 0 141 8
281 45148 0 0 142 5
282 29340 1 0 142 10
283 14869 0 0 143 9
284 82192 0 0 143 8
285 54988 0 0 143 5
286 29654 0 0 144 8
287 56659 1 0 144 7
288 56596 0 0 144 4
289 30004 0 0 145 5
290 8885 1 0 145 4
291 59423 0 0 146 5
292 47991 0 0 146 3
293 30084 0 0 146 11
294 14872 0 0 147 11
295 4342 0 0 148 6
296 30722 0 0 148 3
297 19952 0 0 148 4
298 78179 0 0 149 6
299 85018 1 0 149 8
