300 25 1
0 2159 0 0 1 2
1 37851 0 0 1 2
2 19855 0 0 1 4
3 58913 0 0 1 5
4 77546 0 0 2 3
5 52518 0 0 2 3
6 2662 0 0 4 2
7 6104 0 0 4 4
8 99869 1 0 5 4
9 41668 0 0 6 4
10 60414 0 0 6 5
11 80061 0 0 8 2
12 18009 0 0 8 5
13 85047 0 0 8 5
14 63747 1 0 8 5
15 11636 0 1 9 4
16 11215 0 0 9 5
17 9300 0 0 10 4
18 16060 0 0 10 3
19 65721 0 0 10 2
20 23666 0 0 10 5
21 6082 0 0 10 5
22 8514 0 1 11 3
23 92385 0 0 11 5
24 90056 0 1 12 5
25 82299 0 0 13 4
26 14591 0 0 13 2
27 26438 1 0 13 5
28 55761 1 0 13 5
29 13487 0 0 13 4
30 72261 0 0 13 3
31 19635 0 0 14 5
32 7244 0 0 14 3
33 2211 0 0 15 4
34 99742 0 0 16 5
35 16959 0 0 16 2
36 14617 0 0 17 4
37 53141 0 0 18 3
38 88257 0 0 19 2
39 1888 1 1 19 3
40 32932 0 0 22 3
41 87776 0 0 22 3
42 77887 0 0 22 5
43 19718 0 0 23 5
44 89951 0 0 24 3
45 90438 0 0 26 3
46 16888 0 0 28 5
47 52006 0 0 29 4
48 24708 0 0 30 2
49 21170 0 0 30 4
50 12351 0 0 31 2
51 44457 0 0 31 3
52 51366 0 0 31 5
53 12346 0 0 31 4
54 89302 0 0 32 2
55 26969 0 0 32 4
56 42822 0 0 32 3
57 42053 0 0 32 3
58 24235 0 0 33 4
59 87621 0 0 34 4
60 47821 0 0 34 5
61 91055 0 0 34 2
62 3573 0 0 35 5
63 88559 0 1 35 2
64 90804 0 0 36 5
65 94099 0 0 38 4
66 50148 0 0 38 2
67 47789 0 0 39 4
68 63577 0 0 39 2
69 46114 0 0 39 2
70 16938 0 0 39 3
71 50078 0 0 41 2
72 36848 0 0 42 4
73 39162 0 0 42 3
74 4053 0 0 42 2
75 58409 0 0 42 3
76 93819 0 1 43 2
77 76627 0 0 43 4
78 92050 1 0 46 3
79 42619 0 0 47 5
80 59769 0 0 47 5
81 2537 0 0 48 5
82 60864 0 0 48 3
83 33648 0 0 49 5
84 96124 0 0 52 4
85 95588 0 0 53 4
86 12590 0 0 53 4
87 62258 0 0 56 5
88 50526 0 0 56 2
89 92274 0 0 56 5
90 94018 0 0 57 5
91 21173 0 0 57 3
92 25112 0 0 57 2
93 2583 0 0 58 4
94 32085 0 0 59 2
95 15321 0 0 59 2
96 61769 0 0 60 3
97 673 0 0 60 5
98 75146 0 0 61 2
99 83445 0 0 61 3
100 93877 0 0 62 5
101 68809 0 0 63 2
102 46195 0 1 63 3
103 32803 0 0 64 2
104 19119 0 0 65 2
105 68415 0 0 66 4
106 31561 0 0 66 3
107 53550 0 0 66 5
108 47341 0 0 66 4
109 16649 0 0 67 3
110 31264 0 0 67 2
111 43827 0 0 68 5
112 22389 0 0 68 2
113 72113 0 0 68 3
114 16919 0 0 68 3
115 64046 0 0 69 3
116 18028 0 0 69 4
117 75795 0 0 69 2
118 84112 0 0 70 5
119 94113 0 0 70 4
120 88215 0 0 71 4
121 90610 0 0 71 2
122 5104 0 0 71 3
123 68296 0 1 72 3
124 39233 0 0 72 2
125 6163 0 0 72 5
126 81517 0 0 72 3
127 18907 0 0 72 2
128 32670 0 0 73 5
129 31547 0 0 73 3
130 27070 0 0 73 3
131 85184 0 1 73 4
132 72775 0 0 73 4
133 20489 0 0 74 2
134 30243 0 0 75 4
135 62132 0 0 75 5
136 68533 0 0 76 5
137 19265 0 0 76 4
138 20398 0 0 77 2
139 3103 0 0 78 2
140 10978 0 0 78 5
141 66960 0 0 78 5
142 63521 0 0 79 2
143 36551 1 0 79 4
144 59894 0 0 79 2
145 36749 0 0 82 4
146 83292 0 0 82 5
147 49023 0 0 82 3
148 72721 0 0 83 2
149 82156 0 0 83 4
150 13536 0 0 84 2
151 51445 0 0 84 3
152 20259 0 0 85 5
153 13696 0 0 85 2
154 2551 0 0 85 4
155 55342 0 0 86 2
156 77797 0 0 87 3
157 64701 0 0 87 5
158 34967 0 0 87 3
159 66001 0 0 88 5
160 69066 0 0 89 2
161 2748 0 0 91 3
162 95739 0 0 91 2
163 43470 0 0 92 5
164 3159 0 0 92 5
165 60312 0 0 93 3
166 19202 0 0 93 5
167 25702 0 0 93 4
168 80423 0 0 94 3
169 54971 0 0 95 4
170 51648 0 0 96 3
171 64607 0 0 96 4
172 5360 0 0 97 3
173 69325 0 0 97 4
174 46805 0 0 97 4
175 2173 0 0 97 4
176 52052 0 1 97 5
177 39906 0 0 97 5
178 71622 0 0 98 5
179 31896 0 0 98 5
180 50029 0 0 98 2
181 3906 0 0 99 2
182 82647 0 0 100 5
183 93271 0 0 100 3
184 66401 0 0 101 4
185 80893 1 0 101 5
186 29296 0 0 102 3
187 46387 0 0 102 3
188 14158 0 0 102 2
189 15303 0 0 102 2
190 39836 0 0 103 3
191 36084 0 0 103 4
192 51489 0 0 103 5
193 74680 0 0 103 3
194 82836 0 0 105 4
195 89403 0 0 105 5
196 3818 0 0 106 4
197 87373 0 0 108 2
198 34263 0 0 108 3
199 10182 0 0 108 4
200 17799 0 0 109 3
201 74916 0 0 111 3
202 75627 0 0 112 4
203 53447 0 0 113 3
204 98552 0 0 113 5
205 88427 0 0 113 4
206 58508 0 0 114 3
207 86087 0 0 114 2
208 91702 0 0 114 2
209 62407 0 0 114 2
210 46865 0 0 115 4
211 10997 0 0 115 5
212 94646 0 0 115 5
213 66455 0 0 115 2
214 47784 0 0 115 4
215 76438 0 0 115 3
216 94870 0 0 116 3
217 12590 1 0 116 4
218 68130 0 0 116 4
219 67464 0 0 116 2
220 70318 0 0 116 4
221 46128 1 0 116 4
222 76104 0 0 117 5
223 13104 0 0 118 5
224 1116 0 0 119 2
225 95667 0 0 119 4
226 66745 0 0 120 4
227 50966 0 0 120 2
228 1282 0 0 120 2
229 54334 0 0 120 4
230 79280 0 0 120 4
231 45386 0 0 121 3
232 39947 0 0 121 4
233 24542 0 0 121 4
234 16850 0 0 121 4
235 30879 0 0 122 4
236 10759 0 0 123 5
237 69643 0 0 123 5
238 70480 0 0 123 5
239 28773 0 0 123 5
240 6793 0 0 123 4
241 68854 0 0 123 4
242 10039 0 0 125 2
243 49033 1 0 126 5
244 79120 0 0 126 4
245 37584 0 0 126 3
246 22196 0 0 127 4
247 85278 0 0 127 3
248 49053 0 0 127 4
249 26353 0 0 128 3
250 42575 0 0 128 4
251 8636 1 0 130 5
252 35348 0 0 130 5
253 12755 0 0 130 3
254 19523 0 0 131 3
255 55416 0 0 131 4
256 60107 0 0 131 5
257 75626 0 0 131 3
258 48824 0 0 131 5
259 6566 0 0 131 4
260 80078 0 1 132 5
261 40224 0 0 132 5
262 53270 0 0 132 2
263 96606 0 0 133 4
264 89006 0 0 133 5
265 44452 0 0 134 4
266 47105 0 1 134 5
267 57860 0 0 134 4
268 39344 0 0 134 5
269 67851 0 0 135 4
270 22606 0 0 135 2
271 32105 0 0 135 5
272 22518 1 0 137 5
273 29121 0 0 139 3
274 56331 0 1 139 5
275 85849 0 0 139 3
276 58583 0 0 139 4
277 94078 0 0 140 2
278 35172 0 0 140 5
279 40426 0 0 140 4
280 10782 0 0 140 3
281 51109 0 0 141 5
282 38006 0 0 141 2
283 40569 0 0 142 2
284 48761 0 0 142 3
285 24781 0 0 142 2
286 25469 0 0 143 3
287 77505 0 0 143 2
288 57320 0 0 143 5
289 45839 0 1 143 5
290 25204 0 0 144 3
291 98386 0 0 144 5
292 14170 0 0 144 2
293 14072 0 0 144 4
294 51594 0 0 146 4
295 43334 0 0 146 3
296 43026 0 0 146 4
297 8999 0 0 147 5
298 66196 0 0 147 3
299 55927 0 0 148 4
