300 15 1
0 67669 0 0 1 5
1 53423 0 0 1 19
2 15715 0 0 1 9
3 10752 0 0 2 12
4 36477 0 0 2 15
5 70288 0 0 3 11
6 91116 0 0 3 17
7 92550 0 0 3 15
8 54578 0 0 3 10
9 71174 0 0 3 15
10 77103 0 0 4 14
11 22527 0 0 5 12
12 40136 0 0 6 6
13 39121 0 0 8 7
14 66369 0 0 8 13
15 84249 0 1 9 6
16 96055 0 0 9 10
17 62593 0 0 10 17
18 53189 0 0 10 12
19 44250 0 0 11 9
20 82005 0 0 11 16
21 37124 0 0 11 9
22 76688 0 0 12 8
23 64372 0 0 14 14
24 58867 0 0 15 13
25 5365 0 0 15 11
26 86125 0 0 17 17
27 19954 0 0 17 18
28 66339 1 0 18 19
29 3703 0 0 18 10
30 7941 0 0 19 6
31 5226 0 0 19 13
32 33566 0 0 19 15
33 26829 0 0 20 19
34 17376 0 0 20 3
35 57122 0 0 21 16
36 62588 0 0 21 8
37 28667 0 0 21 16
38 39913 0 0 24 17
39 54160 0 0 24 4
40 29384 0 0 25 2
41 89985 0 0 25 3
42 40686 0 0 25 11
43 41588 0 0 25 4
44 24672 0 0 26 11
45 58297 0 0 27 5
46 64665 0 0 27 4
47 52447 0 0 27 10
48 26572 0 0 27 11
49 1747 0 0 28 14
50 62923 0 0 28 9
51 46935 0 0 29 6
52 61431 0 0 30 5
53 94460 0 0 30 16
54 66738 0 0 30 3
55 12110 0 0 31 15
56 80764 0 0 31 6
57 39655 0 0 31 8
58 63201 0 0 33 19
59 15389 0 0 33 13
60 29609 0 0 33 5
61 63992 0 0 34 18
62 12241 0 0 34 18
63 51391 0 0 34 4
64 56322 0 0 34 15
65 72982 0 0 35 5
66 39606 0 0 35 14
67 54646 0 0 35 19
68 72129 0 1 36 15
69 10485 0 0 36 14
70 74715 0 0 36 14
71 70410 0 0 36 15
72 63876 0 0 37 4
73 3892 0 0 39 4
74 4211 1 0 40 19
75 68133 0 0 41 14
76 24010 0 0 42 5
77 85519 1 1 42 5
78 87891 0 0 43 10
79 47450 0 0 44 5
80 43443 0 0 44 13
81 66115 0 0 44 13
82 4669 0 0 45 4
83 84893 0 0 45 11
84 18432 0 0 45 19
85 238 1 0 46 9
86 91761 0 0 46 9
87 97647 0 0 46 14
88 68255 0 0 47 13
89 10475 0 0 48 8
90 31528 0 0 50 7
91 48526 0 1 50 19
92 16894 0 0 52 4
93 27561 0 0 52 13
94 16316 0 0 52 4
95 60119 0 0 53 6
96 85190 0 0 54 19
97 17561 0 0 54 11
98 52936 0 0 55 18
99 86744 0 0 55 10
100 91894 0 0 56 7
101 88057 0 0 56 19
102 84497 0 0 57 6
103 46870 0 1 58 7
104 44491 0 0 58 10
105 77390 0 0 59 2
106 46504 0 0 60 19
107 45906 1 0 60 18
108 72097 0 0 62 15
109 33936 0 0 63 6
110 8377 0 0 63 16
111 11281 0 0 63 17
112 14982 0 1 63 19
113 29775 0 1 63 16
114 96995 0 0 64 9
115 23247 0 0 65 12
116 39514 0 0 65 10
117 80354 0 0 65 14
118 40299 0 0 65 17
119 96336 0 0 66 12
120 60409 0 0 67 19
121 39977 0 0 67 15
122 90556 0 0 67 8
123 49552 0 0 68 15
124 96687 0 0 69 15
125 86164 0 0 69 18
126 69105 0 0 69 6
127 30071 0 0 70 10
128 14016 0 0 72 8
129 7858 0 0 72 18
130 20592 0 0 73 18
131 33164 0 0 73 3
132 72431 0 0 73 19
133 23157 0 1 74 3
134 42985 0 0 74 7
135 55169 0 0 75 11
136 91939 0 0 75 11
137 592 0 0 75 7
138 47324 0 0 76 14
139 46866 0 0 76 10
140 98851 0 0 76 18
141 59452 1 0 77 4
142 40565 0 0 77 9
143 24957 0 0 78 6
144 65047 1 0 78 11
145 57552 0 0 78 2
146 12349 0 0 80 8
147 51812 0 0 80 16
148 33681 0 0 81 16
149 31583 1 0 81 8
150 47961 0 0 81 16
151 59288 0 0 81 2
152 43068 0 0 82 3
153 41492 0 0 82 11
154 44805 1 0 82 8
155 81612 0 0 83 18
156 10231 0 0 85 13
157 13022 0 0 86 9
158 14838 0 1 86 5
159 53689 0 0 87 16
160 88907 0 0 87 19
161 23616 0 0 87 13
162 53447 0 0 88 14
163 31299 0 0 88 10
164 91535 0 0 88 17
165 83132 0 0 89 18
166 15617 0 0 89 4
167 77220 0 1 89 19
168 33947 0 0 90 12
169 60615 0 0 90 19
170 73486 0 0 92 13
171 40678 0 0 92 7
172 70831 0 0 92 14
173 85941 0 0 93 9
174 6746 0 0 95 6
175 50492 0 0 95 8
176 67945 0 0 95 16
177 64131 0 0 95 17
178 75805 0 0 96 15
179 21510 0 0 96 11
180 43852 0 0 97 18
181 77719 0 0 97 14
182 86253 0 0 97 16
183 99675 0 0 98 12
184 55482 0 0 99 7
185 74112 0 1 99 14
186 16918 0 0 99 16
187 31809 0 0 100 11
188 4706 0 0 102 7
189 12432 0 0 102 16
190 34097 0 0 102 8
191 45464 0 0 103 8
192 91879 1 0 103 14
193 64803 0 0 104 3
194 44665 0 0 104 11
195 81518 0 0 105 5
196 37663 0 0 107 17
197 14941 0 0 107 13
198 48738 0 0 108 5
199 49384 0 0 108 5
200 50832 0 0 108 8
201 40164 0 0 108 6
202 17609 0 0 108 9
203 10543 0 0 109 5
204 25495 0 0 109 9
205 57207 0 0 109 15
206 29232 0 0 110 9
207 62562 0 0 110 14
208 52449 0 0 111 19
209 7857 0 0 111 8
210 83669 0 0 111 6
211 36353 0 0 111 17
212 81606 0 1 112 2
213 57729 1 0 113 19
214 58937 0 0 114 9
215 79545 0 0 114 15
216 63465 0 0 114 4
217 92130 0 0 114 7
218 1762 0 0 114 5
219 6299 0 0 114 3
220 98395 0 1 115 4
221 47315 0 0 115 9
222 12487 0 0 115 19
223 45033 0 0 116 17
224 91781 0 0 117 12
225 71905 0 0 118 6
226 52333 0 0 118 13
227 66492 0 0 118 15
228 50834 0 0 118 16
229 78150 0 0 119 3
230 19862 0 0 119 12
231 59717 0 0 119 15
232 55149 0 0 120 8
233 42465 0 0 120 3
234 38603 0 0 120 16
235 56096 0 0 120 8
236 50554 0 0 121 16
237 61669 0 0 121 12
238 85849 0 0 122 3
239 37622 0 0 123 14
240 61702 0 0 123 7
241 46604 0 0 123 16
242 7919 0 1 124 7
243 80486 0 0 124 15
244 18438 0 0 125 3
245 10091 0 0 126 11
246 79940 0 0 126 6
247 22814 0 0 127 10
248 9409 0 0 130 13
249 6990 0 0 131 12
250 98252 0 0 131 17
251 10334 0 1 131 4
252 36682 0 0 131 5
253 82830 0 0 131 4
254 29435 0 0 132 9
255 60394 0 0 132 5
256 50208 0 0 132 3
257 94132 0 0 132 11
258 55985 0 0 133 7
259 72009 0 0 134 8
260 28449 0 0 134 9
261 77691 0 1 135 11
262 12835 0 0 135 10
263 27808 0 0 136 4
264 4678 0 0 136 11
265 22974 0 0 137 4
266 4842 0 0 138 10
267 7574 0 0 138 5
268 96755 0 0 138 17
269 65178 0 0 138 7
270 28444 0 0 139 7
271 16682 0 0 139 14
272 20662 0 0 139 11
273 63103 0 1 139 2
274 49675 0 0 140 9
275 35587 0 0 140 19
276 12906 0 0 140 10
277 5613 0 0 140 9
278 40878 0 0 141 9
279 23763 0 0 141 10
280 41253 0 0 143 6
281 37380 0 0 143 17
282 46797 0 0 143 2
283 41447 0 0 144 14
284 44357 0 0 144 17
285 52830 0 0 144 10
286 45398 0 0 145 6
287 43240 0 0 145 6
288 90372 0 0 145 18
289 66008 0 0 145 13
290 71870 0 0 146 14
291 16256 0 0 146 14
292 49890 0 0 147 17
293 86268 0 0 147 3
294 7016 0 0 148 11
295 62284 0 0 148 11
296 88217 0 0 149 17
297 70773 0 0 149 18
298 13434 0 0 149 4
299 6978 0 0 149 2
