300 25 0
0 71183 0 0 1 2
1 59460 0 0 2 3
2 8990 0 0 2 4
3 97668 0 0 3 3
4 5041 0 0 3 3
5 12620 0 0 4 4
6 55359 0 0 4 3
7 12454 0 0 4 3
8 29494 0 0 4 4
9 46744 0 0 5 4
10 56328 0 0 5 5
11 88886 0 0 5 5
12 27884 0 0 5 3
13 95650 0 0 6 4
14 1369 0 1 7 4
15 66380 0 0 7 2
16 39100 1 0 7 3
17 44190 0 0 8 2
18 79506 0 0 8 2
19 93566 0 0 8 3
20 61111 0 0 9 3
21 58609 0 0 9 5
22 11280 0 1 10 4
23 401 0 0 10 3
24 60580 0 0 10 5
25 40798 0 0 10 3
26 750 0 0 11 2
27 22441 0 0 11 5
28 18485 0 0 11 2
29 98512 0 0 11 2
30 83232 1 0 12 5
31 13629 0 0 13 5
32 26884 0 0 14 4
33 65215 0 0 14 3
34 5204 0 0 14 3
35 45585 1 0 15 3
36 19058 0 0 16 2
37 9467 0 0 16 2
38 9788 0 0 19 2
39 77956 0 0 19 3
40 34970 0 0 19 5
41 42406 0 0 19 5
42 81727 0 0 19 4
43 66987 0 0 20 3
44 65688 0 0 20 4
45 94437 0 0 20 5
46 10708 0 0 21 4
47 25613 0 0 21 2
48 52921 0 0 21 5
49 32445 0 0 21 3
50 32720 0 0 21 4
51 43420 0 0 21 4
52 48522 1 0 21 5
53 8562 0 0 21 5
54 72729 0 0 22 5
55 54588 0 0 22 2
56 31070 0 0 22 3
57 11257 0 0 23 3
58 57108 0 0 23 4
59 96023 0 0 23 5
60 16321 0 0 23 5
61 52237 0 0 24 2
62 35235 0 0 24 2
63 94736 0 0 24 4
64 14503 0 0 24 4
65 17697 0 0 24 3
66 66993 0 0 24 3
67 76383 0 0 25 3
68 52391 0 0 25 4
69 33570 0 0 25 2
70 43119 0 0 25 4
71 21321 0 0 25 5
72 6049 0 0 25 2
73 92399 0 0 26 4
74 98896 0 1 27 3
75 9373 0 0 27 3
76 20312 0 0 28 2
77 42551 0 0 28 3
78 95702 0 1 29 4
79 40519 0 0 29 5
80 80459 0 0 29 4
81 6726 0 0 29 4
82 28762 0 0 29 2
83 49733 0 0 29 5
84 80254 0 0 29 2
85 97288 0 1 30 4
86 13748 0 0 30 5
87 32952 0 0 30 2
88 22873 0 0 31 5
89 44046 0 0 31 5
90 47473 0 0 31 4
91 17967 0 1 32 5
92 16398 0 1 33 5
93 65311 0 0 33 3
94 17005 0 0 34 4
95 64976 0 0 34 4
96 85493 0 0 34 3
97 76592 0 0 34 4
98 44209 0 0 35 3
99 12185 0 0 36 2
100 85775 0 0 36 2
101 27173 0 0 36 3
102 55044 0 0 36 3
103 17136 0 0 36 2
104 65853 0 0 37 5
105 40368 0 0 37 2
106 49121 0 0 37 4
107 60320 0 0 37 4
108 36008 1 1 37 5
109 63642 0 0 38 5
110 34651 0 1 38 3
111 97319 0 0 38 4
112 16861 1 0 38 4
113 29488 0 0 39 4
114 44295 0 0 39 4
115 23510 0 0 40 5
116 84401 0 0 40 5
117 35725 0 1 40 3
118 69546 0 0 40 4
119 73721 0 0 41 4
120 19276 0 0 42 4
121 60254 0 0 42 3
122 5255 0 0 43 4
123 14699 0 0 44 4
124 8111 0 0 44 4
125 61937 0 0 45 2
126 13247 0 0 45 3
127 23699 0 0 46 5
128 79220 0 0 47 5
129 94204 0 0 48 3
130 94021 0 0 48 2
131 30979 0 0 48 5
132 63728 0 0 49 5
133 54794 0 0 49 5
134 60264 0 0 50 4
135 71338 0 0 50 3
136 42434 0 0 50 2
137 12212 0 0 50 2
138 79018 0 0 51 3
139 88373 0 0 51 4
140 70284 1 0 52 2
141 35459 0 0 52 2
142 4118 0 0 53 5
143 33411 0 0 53 3
144 85540 0 1 53 3
145 90313 0 1 53 3
146 82844 0 0 53 3
147 79875 0 0 53 2
148 26770 0 0 53 5
149 56093 0 0 54 3
150 2959 0 0 54 4
151 22080 0 0 54 5
152 16969 0 0 54 4
153 77262 0 1 55 4
154 82755 0 0 55 3
155 87875 0 0 56 3
156 50227 0 1 57 5
157 38587 0 0 57 2
158 75342 0 0 58 3
159 92061 0 0 58 4
160 99237 0 0 58 4
161 23364 0 0 59 5
162 97501 0 0 59 5
163 329 0 0 59 5
164 77690 0 0 59 2
165 87047 0 0 60 2
166 28999 0 0 60 3
167 92509 0 0 60 4
168 11720 0 0 60 2
169 1336 0 0 60 5
170 48618 0 0 61 5
171 4470 0 0 62 2
172 39684 0 0 62 2
173 15972 0 0 62 3
174 53115 0 0 62 3
175 59787 0 0 63 2
176 24509 0 0 64 5
177 7319 0 0 65 3
178 31538 0 0 65 2
179 41063 0 0 65 3
180 94337 0 0 65 2
181 58178 0 0 66 3
182 38459 0 0 67 2
183 17775 0 0 67 3
184 40552 0 0 67 3
185 99765 0 0 67 5
186 8730 0 1 67 4
187 68247 0 0 68 3
188 62677 0 0 69 5
189 9809 0 0 69 5
190 42655 0 0 70 2
191 10809 0 0 70 4
192 35282 0 0 70 2
193 21962 0 0 70 3
194 28304 0 0 70 5
195 79733 0 0 70 5
196 83528 0 0 71 3
197 12399 0 0 72 5
198 11828 0 0 73 5
199 5991 0 0 74 5
200 87583 0 0 75 4
201 20842 0 0 75 5
202 52430 0 0 76 5
203 25858 0 0 76 3
204 14470 0 0 77 4
205 74275 0 0 77 3
206 65612 1 0 78 4
207 68734 0 0 78 3
208 11280 0 0 79 4
209 80472 0 0 79 4
210 93596 0 0 79 4
211 80728 0 0 80 4
212 29618 0 0 80 4
213 83816 0 0 81 2
214 89917 0 0 81 2
215 40472 0 0 83 5
216 15330 0 0 83 4
217 24489 0 0 83 2
218 90694 0 0 84 3
219 69948 0 0 85 2
220 52437 0 0 86 2
221 19611 1 0 86 2
222 3189 0 0 86 5
223 85440 0 0 86 4
224 33321 0 0 86 5
225 63045 0 0 86 3
226 60026 0 0 87 4
227 56867 0 0 87 5
228 34982 0 0 89 2
229 99072 1 0 90 2
230 57107 0 0 90 5
231 29702 0 0 90 4
232 86308 0 0 91 3
233 50921 0 0 91 3
234 50034 0 0 91 2
235 27751 0 0 91 5
236 10937 0 0 92 2
237 71819 0 0 92 3
238 48975 0 0 92 3
239 50599 0 0 92 5
240 60173 0 0 93 3
241 7326 0 0 93 4
242 11957 0 0 93 2
243 78904 0 0 94 2
244 23543 0 0 94 4
245 37405 0 0 94 2
246 66091 0 0 94 4
247 34228 0 0 94 2
248 70817 0 0 94 5
249 26461 0 0 95 5
250 83074 0 0 95 5
251 59952 0 0 97 5
252 32310 0 0 97 3
253 21165 0 0 97 5
254 46502 0 0 97 2
255 58643 0 0 97 2
256 81627 0 0 97 3
257 62570 0 0 98 4
258 59118 0 0 99 4
259 96648 0 0 99 4
260 67458 0 0 99 3
261 36039 0 0 101 5
262 6559 0 0 101 2
263 24371 0 1 102 4
264 13904 0 0 102 4
265 70817 0 0 102 5
266 78720 0 0 102 5
267 92835 0 0 103 4
268 67569 0 1 103 2
269 55380 0 0 103 5
270 15893 0 0 103 2
271 82355 0 0 104 4
272 63224 0 0 104 5
273 74430 0 0 104 4
274 99615 0 1 104 2
275 66953 0 0 104 3
276 34810 1 1 105 3
277 43572 0 0 105 4
278 93568 0 0 105 3
279 89179 0 0 106 5
280 25323 0 0 107 4
281 96930 0 0 108 5
282 89225 0 0 108 5
283 90734 0 0 108 2
284 60202 0 0 109 2
285 80281 0 0 110 2
286 95551 0 0 110 5
287 75611 0 0 111 3
288 24176 0 0 111 4
289 86402 0 0 111 5
290 54382 0 0 111 4
291 46445 0 0 111 3
292 5205 0 0 112 4
293 38391 0 0 112 2
294 98461 0 0 112 3
295 44169 1 0 113 4
296 64618 0 0 114 4
297 27378 0 0 114 4
298 86304 0 0 115 5
299 83769 0 0 116 3
